3
51
51
87
45
94
37
86
95
29
86
73
66
20
24
92
36
53
28
73
84
9
25
60
65
97
13
81
29
41
83
61
25
68
44
31
15
80
56
86
10
34
94
69
84
86
60
15
75
75
37
7
91
89
99
94
27
91
23
49
81
57
57
55
46
26
49
99
76
94
78
57
97
42
63
51
16
56
77
80
38
99
6
54
5
76
70
36
69
50
4
24
57
8
6
53
78
40
23
58
38
61
39
82
98
80
11
50
26
49
79
71
15
44
11
82
51
3
50
70
57
13
31
26
90
54
1
89
37
11
74
77
34
19
43
77
61
25
57
25
66
20
10
21
72
34
10
14
98
24
2
75
90
53
2
25
31
13
92
44
80
22
14
16
75
2
38
96
2
35
22
27
46
26
4
37
3
10
55
57
45
87
92
14
9
99
87
81
17
18
47
48
33
14
45
45
7
94
46
70
97
14
13
64
2
75
30
64
49
66
22
21
59
36
100
94
30
1
8
77
16
57
80
84
88
74
95
33
82
60
30
9
64
85
61
32
75
29
12
34
70
23
33
51
96
26
90
98
14
52
15
7
87
70
55
40
35
29
76
28
81
97
83
90
37
13
58
75
76
69
19
2
89
74
7
93
25
29
89
63
85
97
19
30
45
23
23
94
30
21
97
47
54
85
53
73
40
43
15
83
68
16
23
46
33
14
19
13
64
63
16
6
40
13
44
85
79
53
45
14
91
64
45
55
72
73
49
5
22
34
53
82
14
6
95
69
75
73
98
32
5
10
31
67
5
91
7
41
41
69
95
88
99
1
93
5
71
68
75
60
65
15
92
30
11
35
93
35
19
75
10
6
56
13
10
81
33
78
51
81
66
8
64
53
40
66
83
14
13
90
98
7
99
38
67
90
19
2
57
71
99
72
23
66
59
90
32
87
92
12
72
93
18
95
95
57
51
39
90
45
52
79
22
29
77
3
8
18
46
20
63
32
22
80
82
95
86
98
94
51
34
97
22
2
19
6
90
4
44
11
40
80
12
12
19
20
50
95
90
57
82
15
41
72
50
41
72
38
13
100
72
53
46
40
12
56
57
21
10
72
14
4
74
36
81
84
21
10
62
62
45
92
9
38
69
20
57
51
52
78
34
53
92
44
40
87
35
72
1
64
63
30
85
18
43
78
41
5
92
66
21
62
77
51
56
80
45
8
71
92
99
7
69
32
38
62
13
31
97
94
50
49
10
98
100
16
8
92
95
91
80
52
60
87
58
72
76
42
89
60
43
27
2
9
65
57
61
53
80
82
66
10
9
98
17
72
53
79
52
41
72
53
13
80
13
48
48
83
75
67
86
71
42
37
51
23
48
1
34
43
56
56
12
14
26
70
44
62
71
87
19
98
90
49
89
90
15
22
97
17
10
78
78
14
97
95
69
72
47
94
25
53
46
9
86
17
42
100
55
43
5
86
13
89
48
89
82
94
49
61
9
27
4
17
34
78
78
99
18
31
2
72
15
77
62
66
53
82
64
73
49
15
67
54
13
24
66
90
66
8
14
76
23
86
85
99
50
29
76
8
39
44
82
25
42
33
71
36
27
82
36
1
30
77
13
94
60
50
4
10
13
88
33
10
17
26
50
29
93
64
17
24
6
56
34
6
34
43
13
81
54
30
64
85
73
14
46
47
74
91
39
100
26
66
96
51
12
73
8
16
83
43
44
64
65
13
95
75
43
8
61
18
38
23
57
83
25
48
38
4
81
3
56
2
25
18
99
40
61
83
95
62
35
97
98
12
86
1
20
60
20
72
4
67
31
22
62
3
10
13
27
64
35
5
36
81
87
43
39
47
14
55
15
60
14
100
84
42
25
46
98
24
29
78
84
10
99
90
72
4
57
96
31
48
56
31
27
30
62
18
25
44
62
73
47
65
58
44
54
31
39
20
78
65
16
4
35
58
22
26
82
98
71
36
90
18
25
67
4
83
74
54
81
8
21
54
62
56
32
19
53
56
37
41
65
38
19
66
32
53
97
69
9
36
37
27
73
27
84
29
41
91
41
71
58
85
40
71
44
62
42
80
27
3
74
27
62
30
71
53
100
59
35
52
87
5
45
45
72
95
82
36
73
3
78
62
15
66
84
81
98
49
23
71
11
17
43
7
63
11
65
43
56
31
30
83
56
89
85
53
40
95
99
50
81
7
8
24
25
12
12
97
46
91
55
51
36
65
41
70
63
39
83
62
30
39
80
42
74
95
6
27
81
32
41
4
50
73
90
5