24
89
187
103
42
32
94
199
37
104
31
65
24
28
48
185
179
27
127
83
166
116
43
147
79
59
92
73
140
117
3
25
83
4
14
180
186
19
133
31
39
5
4
135
121
146
69
9
131
77
94
18
63
171
58
108
47
40
25
183
140
21
59
120
101
6
183
20
15
69
199
161
94
96
45
161
113
108
27
133
191
83
143
64
24
186
163
112
146
106
133
147
195
151
92
18
146
85
35
115
164
49
195
62
78
133
124
167
126
98
196
139
13
92
192
57
79
196
97
116
44
71
74
110
136
53
167
144
5
27
15
28
73
113
169
143
89
81
187
91
62
196
187
49
110
195
134
103
159
35
140
151
189
120
72
94
175
86
127
25
167
180
163
99
84
168
66
101
124
50
169
198
10
6
54
48
85
26
200
142
119
65
185
170
88
64
40
154
42
76
168
4
155
162
125
83
34
88
166
143
